10221683
10256131
10333036
10370312
10389831
10510143
10681591
10695897
10822526
10836119
10847037
10857817
10857868
10860080
10865833
10912450
10976322
11004550
11023929
11029255
11035882
11044447
11058531
11058540
11058558
11075673
11076772
11182284
11317185
11347018
11380977
11398835
11399942
11402566
11406081
11519289
11520239
11520773
11521645
11521725
11525638
11550059
11553401
11688550
11743361
11745876
11798741
11824291
11849464
11904427
11927688
11997766
11997774
12080706
12102531
12102581
12118575
12141003
12154445
12159334
12178869
12184821
12198991
12314331
12340096
12354771
12354877
12355108
12356805
12357453
12379409
12379610
12384363
12384566
12384574
12407406
12407422
12456937
12535678
12542747
12551803
12560881
12642668
12643185
12659902
12662239
12670010
12670036
12687153
12696261
12727750
12756411
12761747
12806431
12813148
12853730
12858813
12858944
12880851
12885387
12918775
12957133
12961861
12990241
13013724
13039414
13064505
13114058
13124563
13142825
13158966
13166923
13188410
13210605
13210891
13214382
13246704
13248478
13261664
13263475
13306308
13310770
13319061
13319521
13323095
13328638
13332645
13332653
13332661
13341525
13349050
13384832
13385325
13387347
13416507
13425972
13426043
13440259
13451100
13452410
13485385
13485393
13485406
13486417
13495698
13500311
13500451
13500830
13500856
13502843
13509252
13519039
13523011
13547401
13550124
13554045
13564041
13583188
13586400
13587710
13612401
13622790
13629078
13630386
13631944
13647014
13657571
13670960
13688641
13690127
13693643
13710001
13717166
13717414
13734177
13734679
13750003
13755496
13788087
13799229
13801771
13801801
13803021
13807516
13809431
13809440
13811110
13817941
13818080
13818506
13827445
13827453
13830783
13830821
13831006
13846451
13852288
13855948
13856131
13856140
13857513
13859543
13889048
13899764
13907939
13911575
13917150
13927964
13934822
13936545
13942937
13953089
13983712
13990568
13990808
13990998
13993021
13997794
13998228
14000319
14000511
14022500
14024062
14028961
14036645
14043394
14062632
14072671
14095493
14108709
14113639
14115829
14133517
14133541
14145438
14146123
14154238
14161649
14171290
14208523
14213947
14216953
14222819
14223184
14227732
14232646
14234668
14239469
14265641
14289301
14314271
14349625
14351645
14366775
14369466
14398371
14398865
14404840
14408189
14409940
14410756
14421800
14441288
14445836
14449968
14468915
14474119
14485619
14488908
14492835
14494275
14494419
14501068
14503549
14503944
14504699
14509465
14509588
14510301
14545183
14546881
14550353
14551102
14552842
14552990
14553781
14554151
14554282
14554354
14555269
14560324
14561028
14564181
14564309
14564333
14575286
14645408
14645441
14646620
14649206
14649521
14652237
14672924
14673071
14678277
14681265
14682372
14682479
14682997
14683009
14684600
14685101
14685207
14685215
14698892
14698956
14699027
14700155
14703516
14703532
14703541
14703621
14703639
14708261
14717002
14718161
14721917
14722397
14728684
14728991
14731883
14744342
14762014
14767131
14767165
147694
14771834
14771842
14775712
14775915
14775940
14778518
14781979
14783683
14786243
14792096
14809169
14810590
14810928
14815251
14824246
14827551
14827594
14827607
14861389
14889373
14898472
14900069
14902347
14906911
14910128
14913960
14922188
14939051
14941469
14954024
14954243
14954876
14954884
14955481
14955924
14957823
14957858
14960230
14962075
14963140
14963182
14963297
14965153
14965284
14965508
14965532
14967917
14969007
14969761
14970024
14970067
14973591
14982720
14984063
14985031
14993761
14997681
15011466
15012442
15014211
15015580
15016718
15016734
15016793
15017139
15020418
15021171
15021234
15021314
15021470
15024072
15027492
15028031
15035871
15040435
15041016
15041307
15041809
15046183
15047901
15073923
15082192
15083056
15086601
15087410
15089600
15089626
150920
15095241
15097520
15102552
15108516
15109332
15109439
15111213
15112478
15113198
15113323
15113403
15116891
15121121
15121702
15126888
15128390
15131661
15132815
15135629
15137472
15138563
15139161
15140049
15140997
15141050
15141527
15142319
15144429
15153000
15154889
15155566
15157764
15162176
15167153
15168201
15170256
15171726
15171849
15172825
15173431
15173457
15173676
15174986
15174994
15175081
15175209
15175583
15180438
15184800
15188923
15190687
15191516
15199121
15202828
15208701
15209966
15210326
15210449
15210502
15210596
15210609
15210625
15212313
15214992
15225085
15229473
15235531
15240251
15245975
15247137
15249589
15249714
15249731
15250694
15253449
15254231
15255381
15256615
153379
158493
163519
199141
245316
270272
270637
35881
380717
411595
427518
494492
496349
501551
548875
569400
569418
599944
733402
735001
855114
860411
865279
897512
919324
919340
927814
928523
962589